first test
P-matrix
0 0 0 0 0 0 1 0 
0 0 0 0 0 0 0 1 
1 0 0 0 0 0 0 0 
0 0 1 0 0 0 0 0 
0 0 0 1 0 0 0 0 
0 0 0 0 1 0 0 0 
0 0 0 0 0 1 0 0 
0 1 0 0 0 0 0 0 
L-matrix
1 0 0 0 0 0 0 0 
-0.0208333 1 0 0 0 0 0 0 
0.03125 0 1 0 0 0 0 0 
0.0625 0 0 1 0 0 0 0 
0.125 0 0 0 1 0 0 0 
0.25 0 0 0 0 1 0 0 
0.5 0 0 0 0 -0 1 0 
0.03125 0 -1 -1 -1 -1 -1 1 
U-matrix
-96 128 16 -24 12 -8 -1 4 
0 1.66667 -2.66667 -4.5 -4.75 3.83333 0.979167 -4.91667 
0 0 1.5 -2.25 1.625 3.25 4.03125 2.875 
0 0 0 0.5 0.25 3.5 -2.9375 -5.25 
0 0 0 0 2.5 -1 -2.875 3.5 
0 0 0 0 0 -1 -0.75 -3 
0 0 0 0 0 0 3.5 -5 
0 0 0 0 0 0 0 -7 
values
1 2 3 4 5 6 7 8 
second test
P-matrix
1 0 0 0 0 0 0 0 0 
0 0 0 0 0 0 0 0 1 
0 0 0 0 1 0 0 0 0 
0 0 1 0 0 0 0 0 0 
0 0 0 0 0 0 0 1 0 
0 1 0 0 0 0 0 0 0 
0 0 0 0 0 0 1 0 0 
0 0 0 1 0 0 0 0 0 
0 0 0 0 0 1 0 0 0 
L-matrix
1 0 0 0 0 0 0 0 0 
1 1 0 0 0 0 0 0 0 
1 0.5 1 0 0 0 0 0 0 
1 0.25 0.75 1 0 0 0 0 0 
1 0.875 0.4375 -0.875 1 0 0 0 0 
1 0.125 0.4375 0.875 0.2 1 0 0 0 
1 0.75 0.75 -1 0.914286 0.761905 1 0 0 
1 0.375 0.9375 0.625 -0.142857 -0.47619 -0.25 1 0 
1 0.625 0.9375 -0.625 0.428571 0.714286 0.75 -1 1 
U-matrix
1 1 1 1 1 1 1 1 1 
0 8 80 728 6560 59048 531440 4.78297e+06 4.30467e+07 
0 0 -16 -240 -2656 -26400 -250096 -2.31336e+06 -2.11327e+07 
0 0 0 24 432 5280 55440 541464 5.09443e+06 
0 0 0 0 -105 -2730 -44940 -602070 -7.18546e+06 
0 0 0 0 0 126 3528 60984 844452 
0 0 0 0 0 0 480 16800 349920 
0 0 0 0 0 0 0 360 14040 
0 0 0 0 0 0 0 0 -720 
values
1 1 1 1 1 1 1 1 1 
the end of test